# COL1: animal 1 courtship == 1 |aggression == 2
# COL2: animal 1 wing ext == 1 |leg fenc == 2
# COL3: animal 1 cleaning == 1 |exploration == 2
# COL4: animal 2 courtship == 1 |aggression == 2
# COL5: animal 2 wing ext == 1 |leg fenc == 2
# COL6: animal 2 cleaning == 1 |exploration == 2
# 
 0  0  0  0  0  0
 0  0  0  0  0  0
 0  0  0  0  0  0
 0  0  0  0  0  0
 0  0  0  0  0  0
 0  0  0  0  0  0
 0  0  0  0  0  0
 0  0  0  0  0  0
 0  0  0  0  0  0
 0  0  0  0  0  0
 0  0  0  0  0  0
 0  0  0  0  0  0
 0  0  0  0  0  0
 0  0  0  0  0  0
 0  0  0  0  0  0
 0  0  0  0  0  0
 0  0  0  0  0  0
 0  0  0  0  0  0
 0  0  0  0  0  0
 0  0  0  0  0  0
 0  0  0  0  0  0
 0  0  0  0  0  0
 0  0  0  0  0  0
 0  0  0  0  0  0
 0  0  0  0  0  0
 0  0  0  0  0  0
 0  0  0  0  0  0
 0  0  0  0  0  0
 0  0  0  0  0  0
 0  0  0  0  0  0
 0  0  0  0  0  0
 0  0  0  0  0  0
 0  0  0  0  0  0
 0  0  0  0  0  0
 0  0  0  0  0  0
 0  0  0  0  0  0
 0  0  0  0  0  0
 0  0  0  0  0  0
 0  0  0  0  0  0
 0  0  0  0  0  0
 0  0  0  0  0  0
 0  0  0  0  0  0
 0  0  0  0  0  0
 0  0  0  0  0  0
 0  0  0  0  0  0
 0  0  0  0  0  0
 0  0  0  0  0  0
 0  0  0  0  0  0
 0  0  0  0  0  0
 0  0  0  0  0  0
 0  0  0  0  0  0
 0  0  0  0  0  0
 0  0  0  0  0  0
 0  0  0  0  0  0
 0  0  0  0  0  0
 0  0  0  0  0  0
 0  0  0  0  0  0
 0  0  0  0  0  0
 0  0  0  0  0  0
 0  0  0  0  0  0
 0  0  0  0  0  0
 0  0  0  0  0  0
 0  0  0  0  0  0
 0  0  0  0  0  0
 0  0  0  0  0  0
 0  0  0  0  0  0
 0  0  0  0  0  0
 0  0  0  0  0  0
 0  0  0  0  0  0
 0  0  0  0  0  0
 0  0  0  0  0  0
 0  0  0  0  0  0
 0  0  0  0  0  0
 0  0  0  0  0  0
 0  0  0  0  0  0
 0  0  0  0  0  0
 0  0  0  0  0  0
 0  0  0  0  0  0
 0  0  0  0  0  0
 0  0  0  0  0  0
 0  0  0  0  0  0
 0  0  0  0  0  0
 0  0  0  0  0  0
 0  0  0  0  0  0
 0  0  0  0  0  0
 0  0  0  0  0  0
 0  0  0  0  0  0
 0  0  0  0  0  0
 0  0  0  0  0  0
 0  0  0  0  0  0
 0  0  0  0  0  0
 0  0  0  0  0  0
 0  0  0  0  0  0
 0  0  0  0  0  0
 0  0  0  0  0  0
 0  0  0  0  0  0
 0  0  0  0  0  0
 0  0  0  0  0  0
 0  0  0  0  0  0
 0  0  0  0  0  0
 0  0  0  0  0  0
 0  0  0  0  0  0
 0  0  0  0  0  0
 0  0  0  0  0  0
 0  0  0  0  0  0
 0  0  0  0  0  0
 0  0  0  0  0  0
 0  0  0  0  0  0
 0  0  0  0  0  0
 0  0  0  0  0  0
 0  0  0  0  0  0
 0  0  0  0  0  0
 0  0  0  0  0  0
 0  0  0  0  0  0
 0  0  0  0  0  0
 0  0  0  0  0  0
 0  0  0  0  0  0
 0  0  0  0  0  0
 0  0  0  0  0  0
 0  0  0  0  0  0
 0  0  0  0  0  0
 0  0  0  0  0  0
 0  0  0  0  0  0
 0  0  0  0  0  0
 0  0  0  0  0  0
 0  0  0  0  0  0
 0  0  0  0  0  0
 0  0  0  0  0  0
 0  0  0  0  0  0
 0  0  0  0  0  0
 0  0  0  0  0  0
 0  0  0  0  0  0
 0  0  0  0  0  0
 0  0  0  0  0  0
 0  0  0  0  0  0
 0  0  0  0  0  0
 0  0  0  0  0  0
 0  0  0  0  0  0
 0  0  0  0  0  0
 0  0  0  0  0  0
 0  0  0  0  2  0
 0  0  0  0  2  0
 0  0  0  0  2  0
 0  0  0  0  2  0
 0  0  0  0  2  0
 0  0  0  0  2  0
 0  0  0  0  2  0
 0  0  0  0  2  0
 0  0  0  0  2  0
 0  0  0  0  2  0
 0  0  0  0  2  0
 0  0  0  0  2  0
 0  0  0  0  2  0
 0  0  0  0  2  0
 0  0  0  0  2  0
 0  0  0  0  2  0
 0  0  0  0  2  0
 0  0  0  0  2  0
 0  0  0  0  2  0
 0  0  0  0  2  0
 0  0  0  0  2  0
 0  0  0  0  2  0
 0  0  0  0  2  0
 0  0  0  0  2  0
 0  0  0  0  2  0
 0  0  0  0  2  0
 0  0  0  0  2  0
 0  0  0  0  2  0
 0  0  0  0  2  0
 0  0  0  0  2  0
 0  0  0  0  2  0
 0  0  0  0  2  0
 0  0  0  0  2  0
 0  0  0  0  2  0
 0  0  0  0  2  0
 0  0  0  0  2  0
 0  0  0  0  2  0
 0  0  0  0  2  0
 0  0  0  0  2  0
 0  0  0  0  2  0
 0  0  0  0  2  0
 0  0  0  0  2  0
 0  0  0  0  2  0
 0  0  0  0  2  0
 0  0  0  0  2  0
 0  0  0  0  2  0
 0  0  0  0  2  0
 0  0  0  0  2  0
 0  0  0  0  2  0
 0  0  0  0  2  0
 0  0  0  0  2  0
 0  0  0  0  2  0
 0  0  0  0  2  0
 0  0  0  0  2  0
 0  0  0  0  2  0
 0  0  0  0  2  0
 0  0  0  0  2  0
 0  0  0  0  2  0
 0  0  0  0  2  0
 0  0  0  0  2  0
 0  0  0  0  2  0
 0  0  0  0  2  0
 0  0  0  0  2  0
 0  0  0  0  2  0
 0  0  0  0  2  0
 0  0  0  0  2  0
 0  0  0  0  2  0
 0  0  0  0  2  0
 0  0  0  0  2  0
 0  0  0  0  2  0
 0  0  0  0  2  0
 0  0  0  0  2  0
 0  0  0  0  2  0
 0  0  0  0  2  0
 0  0  0  0  2  0
 0  0  0  0  2  0
 0  0  0  0  2  0
 0  0  0  0  2  0
 0  0  0  0  2  0
 0  0  0  0  2  0
 0  0  0  0  2  0
 0  0  0  0  2  0
 0  0  0  0  2  0
 0  0  0  0  2  0
 0  0  0  0  2  0
 0  0  0  0  2  0
 0  0  0  0  2  0
 0  0  0  0  2  0
 0  0  0  0  2  0
 0  0  0  0  2  0
 0  0  0  0  2  0
 0  0  0  0  2  0
 0  0  0  0  2  0
 0  0  0  0  2  0
 0  0  0  0  2  0
 0  0  0  0  2  0
 0  0  0  0  2  0
 0  0  0  0  2  0
 0  0  0  0  2  0
 0  0  0  0  2  0
 0  0  0  0  2  0
 0  0  0  0  2  0
 0  0  0  0  2  0
 0  0  0  0  2  0
 0  0  0  0  2  0
 0  0  0  0  2  0
 0  0  0  0  2  0
 0  0  0  0  0  0
 1  0  1  1  2  1
 1  0  1  1  2  1
 1  0  1  1  2  1
 1  0  1  1  2  1
 1  0  1  1  2  1
 1  0  1  1  2  1
 1  0  1  1  2  1
 1  0  1  1  2  1
 1  0  1  1  2  1
 1  0  1  1  2  1
 1  0  1  1  2  1
 1  0  1  1  2  1
 1  0  1  1  2  1
 1  0  1  1  2  1
 1  0  1  1  2  1
 1  0  1  1  2  1
 1  0  1  1  2  1
 1  0  1  1  2  1
 1  0  1  1  2  1
 1  0  1  1  2  1
 1  0  1  1  2  1
 1  0  1  1  2  1
 1  0  1  1  2  1
 1  0  1  1  2  1
 1  0  1  1  2  1
 1  0  1  1  2  1
 1  0  1  1  2  1
 1  0  1  1  2  1
 1  0  1  1  2  1
 1  0  1  1  2  1
 1  0  1  1  2  1
 1  0  1  1  2  1
 1  0  1  1  2  1
 1  0  1  1  2  1
 1  0  1  1  2  1
 1  0  1  1  2  1
 1  0  1  1  2  1
 1  0  1  1  2  1
 1  0  1  1  2  1
 1  0  1  1  2  1
 1  0  1  1  2  1
 1  0  1  1  2  1
 1  0  1  1  2  1
 1  0  1  1  2  1
 1  0  1  1  2  1
 1  0  1  1  2  1
 1  0  1  1  2  1
 1  0  1  1  2  1
 1  0  1  1  2  1
 1  0  1  1  2  1
 1  0  1  1  2  1
 1  0  1  1  2  1
 1  0  1  1  2  1
 1  0  1  1  2  1
 1  0  1  1  2  1
 1  0  1  1  2  1
 1  0  1  1  2  1
 1  0  1  1  2  1
 1  0  1  1  2  1
 1  0  1  1  2  1
 1  0  1  1  2  1
 1  0  1  1  2  1
 1  0  1  1  2  1
 1  0  1  1  2  1
 1  0  1  1  2  1
 1  0  1  1  2  1
 1  0  1  1  2  1
 1  0  1  1  2  1
 1  0  1  1  2  1
 1  0  1  1  2  1
 1  0  1  1  2  1
 1  0  1  1  2  1
 1  0  1  1  2  1
 1  0  1  1  2  1
 1  0  1  1  2  1
 1  0  1  1  2  1
 1  0  1  1  2  1
 1  0  1  1  2  1
 1  0  1  1  2  1
 1  0  1  1  2  1
 1  0  1  1  2  1
 1  0  1  1  2  1
 1  0  1  1  2  1
 1  0  1  1  2  1
 1  0  1  1  2  1
 1  0  1  1  2  1
 1  0  1  1  2  1
 1  0  1  1  2  1
 1  0  1  1  2  1
 1  0  1  1  2  1
 1  0  1  1  2  1
 1  0  1  1  2  1
 1  0  1  1  2  1
 1  0  1  1  2  1
 1  0  1  1  2  1
 1  0  1  1  2  1
 1  0  1  1  2  1
 1  0  1  1  2  1
 1  0  1  1  2  1
 1  0  1  1  2  1
 1  0  1  1  2  1
 1  0  1  1  2  1
 1  0  1  1  2  1
 1  0  1  1  2  1
 1  0  1  1  2  1
 1  0  1  1  2  1
 1  0  1  1  2  1
 1  0  1  1  2  1
 1  0  1  1  2  1
 1  0  1  1  2  1
 1  0  1  1  2  1
 1  0  1  1  2  1
 1  0  1  1  2  1
 1  0  1  1  2  1
 1  0  1  1  2  1
 1  0  1  1  2  1
 1  0  1  1  2  1
 1  0  1  1  2  1
 1  0  1  1  2  1
 1  0  1  1  2  1
 1  0  1  1  2  1
 1  0  1  1  2  1
 1  0  1  1  2  1
 1  0  1  1  2  1
 1  0  1  1  2  1
 1  0  1  1  2  1
 1  0  1  1  2  1
 1  0  1  1  2  1
 1  0  1  1  2  1
 1  0  1  1  2  1
 1  0  1  1  2  1
 1  0  1  1  2  1
 1  0  1  1  2  1
 1  0  1  1  2  1
 1  0  1  1  2  1
 1  0  1  1  2  1
 1  0  1  1  2  1
 1  0  1  1  2  1
 1  0  1  1  2  1
 1  0  1  1  2  1
 1  0  1  1  2  1
 1  0  1  1  2  1
 1  0  1  1  2  1
 1  0  1  1  2  1
 1  0  1  1  2  1
 1  0  1  1  2  1
 1  0  1  1  2  1
 1  0  1  1  2  1
 1  0  1  1  2  1
 0  0  0  0  0  0
 0  0  0  0  0  0
 0  0  0  0  0  0
 0  0  0  0  0  0
 0  0  0  0  0  0
 0  0  0  0  0  0
 0  0  0  0  0  0
 0  0  0  0  0  0
 0  0  0  0  0  0
 0  0  0  0  0  0
 0  0  0  0  0  0
 0  0  0  0  0  0
 0  0  0  0  0  0
 0  0  0  0  0  0
 0  0  0  0  0  0
 0  0  0  0  0  0
 0  0  0  0  0  0
 0  0  0  0  0  0
 0  0  0  0  0  0
 0  0  0  0  0  0
 0  0  0  0  0  0
 0  0  0  0  0  0
 0  0  0  0  0  0
 0  0  0  0  0  0
 0  0  0  0  0  0
 0  0  0  0  0  0
 0  0  0  0  0  0
 0  0  0  0  0  0
 0  0  0  0  0  0
 0  0  0  0  0  0
 0  0  0  0  0  0
 0  0  0  0  0  0
 0  0  0  0  0  0
